24                    ! Q %  ./remez.exe 1 4 24 24 1.0e-18 1.0 640
1.0e-18 ! minimum
1.0d0 ! maximum
5.6117568487803116e-01 ! alpha[0] for x^(-1/4)
1.1559269673074962e-14
4.2356133161000601e-14
1.6066032118423977e-13
6.1923576751879808e-13
2.3937084947015926e-12
9.2576051663455229e-12
3.5806435004264278e-11
1.3849346647422833e-10
5.3567137445627371e-10
2.0718950301518197e-09
8.0137738841259761e-09
3.0996055095516063e-08
1.1988801381987934e-07
4.6370855647533606e-07
1.7935540667309273e-06
6.9371957827357671e-06
2.6832066909172122e-05
1.0378355564799504e-04
4.0144745558827488e-04
1.5534067840464213e-03
6.0240832397136235e-03
2.3673716187459538e-02
1.0090534346114474e-01
7.2392828010717869e-01
3.7210233105375524e-19  ! beta[1] for x^(-1/4)
4.2795812289061077e-18
2.8403512483397910e-17
1.7493698373528066e-16
1.0646186057242283e-15
6.4662782773892405e-15
3.9262187556341382e-14
2.3838092538154187e-13
1.4473204734952676e-12
8.7873370231790389e-12
5.3351883724322548e-11
3.2392332038158882e-10
1.9666843896996040e-09
1.1940626861651876e-08
7.2496926362729498e-08
4.4016157512651939e-07
2.6724221285562354e-06
1.6225586888037739e-05
9.8516842053388893e-05
5.9828743643076054e-04
3.6379098033097524e-03
2.2289393102178631e-02
1.4314266765527006e-01
1.2668770279680364e+00
