24             ! Q % ./remez.exe 1 4 24 24 1.0e-24 1.0 1024
1.0e-24 !minimum
1.0e0   !maximal
6.4344133233026080e-01 ! alpha[0] for x^(-1/4)
5.6098981498287059e-20
3.4464576516445291e-19
2.7703404414217669e-18
2.8754753145325284e-17
2.7044958148018036e-16
4.4229798937120425e-15
2.4701828654824483e-14
1.4504996037572567e-13
8.5539445028599588e-13
5.0465236171964002e-12
2.9773831941870192e-11
1.7566235780561085e-10
1.0363890800829743e-09
6.1145846642178389e-09
3.6075395285374566e-08
2.1284097277451430e-07
1.2557389969517208e-06
7.4087276433793754e-06
4.3710821113085023e-05
2.5789676053349797e-04
1.5220409542784101e-03
9.0099824185334541e-03
5.5092148984006710e-02
4.7982035280024077e-01
6.5239633429414304e-25  ! beta[1] for x^{-1/4}
5.1753961542149956e-21
1.6725889441754630e-20
2.9256001587624176e-20
4.0671230253409673e-20
1.5681864700912824e-19
1.6545115139424689e-18
1.7638479772927702e-17
1.8804134234101852e-16
2.0046821564982075e-15
2.1371632907859715e-14
2.2783995536471019e-13
2.4289695356211477e-12
2.5894900635765851e-11
2.7606187281341795e-10
2.9430565802572615e-09
3.1375510335087384e-08
3.3448992705166660e-07
3.5659554252637205e-06
3.8016785959966438e-05
4.0536427922938426e-04
4.3298066915066725e-03
4.7115506430675462e-02
6.3305523732197744e-01
