24                      ! Q %  ./remez.exe 1 4 24 24 1.0e-18 1.0 640
1.0e-18 ! mininum
1.0e0 ! maximum
1.7819731448580940e+00  ! alpha[0] for x^(1/4)
-1.4263516711932001e-23
-1.5573131732020801e-22
-1.5068497448934652e-21
-1.4394185954355350e-20
-1.3723517176529910e-19
-1.3080000010102565e-18
-1.2466017026309466e-17
-1.1880754141367210e-16
-1.1322952774263862e-15
-1.0791337700305592e-14
-1.0284681680172833e-13
-9.8018132304260747e-13
-9.3416155912959555e-12
-8.9030244766819977e-11
-8.4850260680020686e-10
-8.0866570738206532e-09
-7.7070163790823216e-08
-7.3453432567898978e-07
-7.0014803136044078e-06
-6.6785649870497075e-05
-6.3987149597458668e-04
-6.2974471442049781e-03
-7.3133060564463656e-02
-2.6400102372230330e+00
7.8934259378534820e-19 ! beta[1] for x^(1/4)
6.9860372375282666e-18
4.4864388878597950e-17
2.7488312082173459e-16
1.6714374046961151e-15
1.0150548669212056e-14
6.1631052663940791e-14
3.7419238125387287e-13
2.2718929968218211e-12
1.3793688231644797e-11
8.3747696966527649e-11
5.0846999408621108e-10
3.0871503750393127e-09
1.8743480645728581e-08
1.1380011912166607e-07
6.9093197969141488e-07
4.1949665158797659e-06
2.5469798354077887e-05
1.5464846347502381e-04
9.3930351643058889e-04
5.7163441294406326e-03
3.5206913251217678e-02
2.3366772274134293e-01
2.6874327746449587e+00
