24    ! Q=24, % ./remez.exe 1 8 24 24 1.0e-18 1.0 640 &
1.0e-18 ! minimum
1.0e0   ! maximum
1.3282286554513461e+00  ! alpha[0] for x^(1/8)
-1.2284552798960078e-21
-1.0378282265311965e-20
-7.9648109289135355e-20
-6.0644439309969617e-19
-4.6124436184322144e-18
-3.5074805601072339e-17
-2.6671475282612519e-16
-2.0281345208586089e-15
-1.5422193174666172e-14
-1.1727230587726444e-13
-8.9175341541103928e-13
-6.7810055021082090e-12
-5.1563621614421614e-11
-3.9209629092838284e-10
-2.9815499360569939e-09
-2.2672094118739050e-08
-1.7240202686491500e-07
-1.3109927214856891e-06
-9.9701520855421676e-06
-7.5869612552527055e-05
-5.7948249304290152e-04
-4.5266923338933267e-03
-4.0599924094934285e-02
-9.1609915654573382e-01
6.7015281937440984e-19 ! beta[1] for x^(1/8)
6.2145844457081064e-18
4.0152510465988988e-17
2.4618701955483959e-16
1.4967271158407675e-15
9.0869170103474052e-15
5.5155790213865041e-14
3.3477212369941036e-13
2.0319113959591819e-12
1.2332746377761147e-11
7.4853956663697982e-11
4.5432821707391440e-10
2.7575580140301275e-09
1.6737076749456711e-08
1.0158616660335823e-07
6.1658027738897360e-07
3.7423572381483087e-06
2.2714555099954931e-05
1.3787443338265814e-04
8.3712008790999559e-04
5.0915269423222253e-03
3.1298025562552033e-02
2.0552176069544303e-01
2.1641541663702362e+00
