24              ! Q   % ./remez.exe 1 4 24 24 1.0e-24 1.0 1024
1.0e-24 ! minimum
1.0e0   ! maximal
1.2402827481058922e+00 ! alpha[0] for x^{1/8}
-1.5419233397600366e-27
-9.0389273089812302e-27
-6.3098391497660831e-26
-5.1151051803935706e-25
-7.0308817847362917e-24
-3.1398103863908373e-22
-4.7087534664404308e-21
-6.7587687113489968e-20
-9.6817802244929707e-19
-1.3866356801829033e-17
-1.9859209609164804e-16
-2.8442046358251827e-15
-4.0734243363437275e-14
-5.8338930248258995e-13
-8.3552080464467944e-12
-1.1966195037206933e-10
-1.7137793432164931e-09
-2.4544484867949890e-08
-3.5152399611149649e-07
-5.0347479859216093e-06
-7.2149242231193074e-05
-1.0398025904972516e-03
-1.5923221535074136e-02
-4.8047039390877755e-01
1.2223916953311927e-24 ! beta[1] for x^{1/8}
5.1787810901549283e-21
1.6750577058335825e-20
2.9472172817087651e-20
4.3236697057571483e-20
2.4356089145354002e-19
2.5862730762070865e-18
2.7556681758401151e-17
2.9361715259429910e-16
3.1284982641917585e-15
3.3334228908185638e-14
3.5517706034184830e-13
3.7844206487966046e-12
4.0323098663713956e-11
4.2964364615200093e-10
4.5778640316085814e-09
4.8777259217139272e-08
5.1972306149627066e-07
5.5376759828528943e-06
5.9005610505152225e-05
6.2888019339804786e-04
6.7205242221897625e-03
7.3911153494058371e-02
1.1381841626967835e+00
