24 ! Q % ./remez.exe 1 8 24 24 1.0e-18 1.0 640 &
1.0e-18 ! minimum
1.0e0 ! maximum
7.5288241666506550e-01 ! alpha[0] for x^(-1/8)
3.4782878859160527e-17
1.7092571349387679e-16
8.2176418315272817e-16
3.9750651062166880e-15
1.9252730951045603e-14
9.3268351883881918e-14
4.5184742444116121e-13
2.1890308573561084e-12
1.0605041650732063e-11
5.1377497061172698e-11
2.4890494172609326e-10
1.2058522474515525e-09
5.8419074997004669e-09
2.8301878280762085e-08
1.3711212579048619e-07
6.6425771447548212e-07
3.2180899781629984e-06
1.5590671349819376e-05
7.5537420446226803e-05
3.6613885513709624e-04
1.7793471834548190e-03
8.7851695825255545e-03
4.7786320156098190e-02
4.8641928579769278e-01
4.6207422416300382e-19 ! beta[1] for x^(-1/8)
4.8656721227965252e-18
3.1950897285536557e-17
1.9640473504043869e-16
1.1945717399957053e-15
7.2529763166793260e-15
4.4024635111694756e-14
2.6721126187696447e-13
1.6218488275925585e-12
9.8438599805078512e-12
5.9747590034350632e-11
3.6263969603254768e-10
2.2010519321042127e-09
1.3359347248573337e-08
8.1084939993839273e-08
4.9214744402176172e-07
2.9871065396648572e-06
1.8130462751463393e-05
1.1004832539609072e-04
6.6812446264653477e-04
4.0619525884028670e-03
2.4905043009907490e-02
1.6091181248984981e-01
1.4921969527138006e+00
